Best model: random_forest

              precision    recall  f1-score   support

         AME       1.00      0.94      0.97        18
        AOTU       0.91      0.77      0.83        39
         ASP       1.00      0.50      0.67        12
         ATL       0.80      0.80      0.80        20
        AVLP       0.84      0.93      0.88       319
          CL       0.78      0.76      0.77       185
         CRE       0.79      0.73      0.76        83
       DELTA       1.00      1.00      1.00        10
          DN       0.00      0.00      0.00        24
         EPG       1.00      1.00      1.00        12
          ER       1.00      1.00      1.00        64
          FB       0.99      1.00      1.00       143
          FC       1.00      1.00      1.00        64
          FS       1.00      1.00      1.00        69
          IB       0.80      0.66      0.72        65
          KC       1.00      1.00      1.00       482
         LAL       0.76      0.78      0.77       107
          LC       0.95      0.99      0.97       523
        LHAD       0.92      0.30      0.45        40
        LHAV       0.73      0.89      0.80       164
        LHPD       0.79      0.35      0.49        31
        LHPV       0.81      0.68      0.74       133
          LI       1.00      0.71      0.83        17
         LLN       0.95      0.87      0.91        23
        LLPC       0.99      0.99      0.99        91
          LN       0.88      0.92      0.90        25
         LPC       0.98      0.95      0.97        44
        LPLC       0.96      1.00      0.98        48
          LT       0.94      0.48      0.64        31
       LVPNM       1.00      0.82      0.90        11
        MBON       0.93      0.82      0.88        17
          MC       0.98      0.98      0.98       133
         OCG       0.92      1.00      0.96        12
         PAM       1.00      1.00      1.00        75
         PEN       1.00      1.00      1.00        10
         PFL       1.00      1.00      1.00        12
         PFN       1.00      0.98      0.99       109
         PFR       1.00      1.00      1.00        11
         PLP       0.76      0.81      0.78       119
          PS       0.80      0.83      0.81       155
        PVLP       0.81      0.68      0.74        87
         SAD       0.93      0.76      0.84        54
         SIP       0.70      0.51      0.59        55
         SLP       0.82      0.85      0.84       274
         SMP       0.80      0.92      0.86       370
        TUBU       1.00      1.00      1.00        19
     VDELTAA       1.00      0.95      0.98        21
     VDELTAK       1.00      0.91      0.95        11
     VDELTAM       0.83      1.00      0.91        15
         VES       0.58      0.56      0.57        34
       VPNML       0.95      1.00      0.97        19
         WED       0.80      0.93      0.86       117
       WEDPN       0.86      0.55      0.67        22

    accuracy                           0.88      4648
   macro avg       0.89      0.83      0.85      4648
weighted avg       0.88      0.88      0.88      4648
